Camera Matrix (K):
fx: 383.432861328125
fy: 383.432861328125
cx: 322.72906494140625
cy: 240.31195068359375

Camera Matrix (K) in 3x3 format:
383.432861 0.000000 322.729065
0.000000 383.432861 240.311951
0.000000 0.000000 1.000000
